pixel counts
0.0000 56.0267
1.0000 56.0267
2.0000 55.1499
3.0000 54.7951
4.0000 56.3761
5.0000 54.8233
6.0000 57.3403
7.0000 53.7563
8.0000 58.7144
9.0000 54.1184
10.0000 57.3682
11.0000 54.4225
12.0000 56.3039
13.0000 56.0064
14.0000 57.6437
15.0000 55.3256
16.0000 57.1001
17.0000 53.6091
18.0000 56.6692
19.0000 55.5973
20.0000 57.9777
21.0000 56.7106
22.0000 58.2418
23.0000 55.3460
24.0000 57.3135
25.0000 56.1985
26.0000 55.9663
27.0000 55.6414
28.0000 56.7440
29.0000 55.4819
30.0000 57.3809
31.0000 62.0859
32.0000 69.0056
33.0000 67.4768
34.0000 69.5106
35.0000 68.2077
36.0000 69.1843
37.0000 67.7554
38.0000 68.9006
39.0000 66.5954
40.0000 70.0922
41.0000 68.1651
42.0000 68.8259
43.0000 65.7086
44.0000 68.5717
45.0000 68.5315
46.0000 69.3094
47.0000 66.5978
48.0000 70.1257
49.0000 67.3962
50.0000 68.8331
51.0000 67.3468
52.0000 69.6402
53.0000 68.2158
54.0000 67.8827
55.0000 67.6293
56.0000 71.4191
57.0000 67.1753
58.0000 67.6647
59.0000 67.6057
60.0000 70.9005
61.0000 67.9389
62.0000 68.3070
63.0000 67.7581
64.0000 69.6648
65.0000 68.1327
66.0000 70.3804
67.0000 67.8236
68.0000 68.8523
69.0000 66.7244
70.0000 67.6417
71.0000 68.2577
72.0000 69.7191
73.0000 68.4957
74.0000 69.4796
75.0000 68.0829
76.0000 68.5217
77.0000 68.3451
78.0000 69.6598
79.0000 66.2369
80.0000 70.1449
81.0000 67.7762
82.0000 67.9902
83.0000 67.2613
84.0000 68.8366
85.0000 67.3346
86.0000 70.7401
87.0000 66.1590
88.0000 69.9959
89.0000 67.9927
90.0000 71.1914
91.0000 69.3922
92.0000 70.5804
93.0000 68.4064
94.0000 71.6112
95.0000 70.9449
96.0000 71.9753
97.0000 68.6388
98.0000 70.7623
99.0000 68.5908
100.0000 69.2750
101.0000 68.3762
102.0000 71.4581
103.0000 65.7772
104.0000 70.9032
105.0000 70.1171
106.0000 71.0115
107.0000 69.7041
108.0000 69.6018
109.0000 69.7564
110.0000 71.6403
111.0000 66.3234
112.0000 71.3967
113.0000 67.3778
114.0000 69.5357
115.0000 67.5473
116.0000 68.7779
117.0000 68.1457
118.0000 73.4286
119.0000 67.6057
120.0000 70.1090
121.0000 69.9426
122.0000 69.5130
123.0000 68.9194
124.0000 71.2695
125.0000 69.3527
126.0000 71.8999
127.0000 69.8516
128.0000 72.3020
129.0000 68.9755
130.0000 71.6487
131.0000 69.4329
132.0000 74.0480
133.0000 68.8913
134.0000 71.9173
135.0000 68.9160
136.0000 71.7450
137.0000 69.9498
138.0000 72.5873
139.0000 69.8182
140.0000 73.7745
141.0000 71.0499
142.0000 72.8271
143.0000 70.3556
144.0000 73.4708
145.0000 71.2757
146.0000 69.9395
147.0000 70.6816
148.0000 74.5559
149.0000 71.2185
150.0000 74.2866
151.0000 71.9010
152.0000 72.0099
153.0000 70.7271
154.0000 74.2906
155.0000 69.6068
156.0000 72.8439
157.0000 70.4670
158.0000 70.2000
159.0000 71.4651
160.0000 74.2361
161.0000 69.9484
162.0000 73.5601
163.0000 71.7253
164.0000 73.5861
165.0000 71.8449
166.0000 71.2340
167.0000 72.0564
168.0000 76.2147
169.0000 73.2262
170.0000 77.6838
171.0000 73.7030
172.0000 75.1195
173.0000 72.1916
174.0000 74.5911
175.0000 74.9380
176.0000 75.6416
177.0000 75.2847
178.0000 76.0930
179.0000 73.8934
180.0000 76.3624
181.0000 74.4971
182.0000 77.3831
183.0000 74.2166
184.0000 77.2035
185.0000 73.7673
186.0000 75.6030
187.0000 75.1741
188.0000 78.7703
189.0000 73.3385
190.0000 76.3654
191.0000 73.2165
192.0000 76.1176
193.0000 71.6788
194.0000 74.8074
195.0000 71.9226
196.0000 73.4162
197.0000 72.3314
198.0000 76.7657
199.0000 72.4794
200.0000 74.8727
201.0000 72.7983
202.0000 70.9354
203.0000 72.2866
204.0000 75.5896
205.0000 73.6736
206.0000 74.6131
207.0000 73.0649
208.0000 73.1538
209.0000 72.3646
210.0000 73.9870
211.0000 71.2469
212.0000 73.6908
213.0000 71.9436
214.0000 75.1301
215.0000 71.1790
216.0000 75.3163
217.0000 72.4881
218.0000 71.8390
219.0000 71.6872
220.0000 68.8189
221.0000 70.1509
222.0000 75.9008
223.0000 72.5794
224.0000 75.4921
225.0000 69.9662
226.0000 72.8711
227.0000 70.8995
228.0000 72.5996
229.0000 69.7760
230.0000 71.5615
231.0000 71.4254
232.0000 71.0864
233.0000 68.8111
234.0000 72.1853
235.0000 69.5877
236.0000 70.5350
237.0000 67.2106
238.0000 71.3602
239.0000 68.7271
240.0000 73.0464
241.0000 68.3846
242.0000 71.7583
243.0000 70.1538
244.0000 70.9137
245.0000 69.6010
246.0000 71.1502
247.0000 68.9330
248.0000 70.5513
249.0000 68.8304
250.0000 71.6727
251.0000 69.5408
252.0000 71.4460
253.0000 70.0346
254.0000 70.6941
255.0000 69.3456
256.0000 72.4958
257.0000 69.3946
258.0000 71.3620
259.0000 68.2769
260.0000 72.1915
261.0000 71.1403
262.0000 72.7795
263.0000 70.0770
264.0000 69.2440
265.0000 69.6044
266.0000 73.1847
267.0000 69.2001
268.0000 74.7510
269.0000 69.9348
270.0000 74.1193
271.0000 70.2500
272.0000 72.0537
273.0000 68.7625
274.0000 72.5741
275.0000 70.9240
276.0000 72.3974
277.0000 71.2347
278.0000 71.3947
279.0000 69.9416
280.0000 72.0867
281.0000 68.6861
282.0000 75.1665
283.0000 73.5405
284.0000 73.8480
285.0000 71.5930
286.0000 73.3184
287.0000 72.3216
288.0000 71.9522
289.0000 70.2017
290.0000 73.7953
291.0000 71.3526
292.0000 73.8346
293.0000 70.8304
294.0000 74.5104
295.0000 70.6528
296.0000 73.3212
297.0000 71.4046
298.0000 73.4689
299.0000 73.3917
300.0000 75.7204
301.0000 73.7604
302.0000 74.7810
303.0000 73.3704
304.0000 74.7823
305.0000 73.5820
306.0000 73.9338
307.0000 71.7406
308.0000 76.2238
309.0000 73.0283
310.0000 74.6657
311.0000 74.2973
312.0000 74.8967
313.0000 72.5128
314.0000 75.5644
315.0000 72.8383
316.0000 74.7831
317.0000 74.0694
318.0000 76.4535
319.0000 75.4891
320.0000 76.2183
321.0000 73.9254
322.0000 76.6592
323.0000 75.8811
324.0000 75.5841
325.0000 74.0640
326.0000 75.4953
327.0000 72.7938
328.0000 78.6672
329.0000 77.2533
330.0000 78.4082
331.0000 75.8058
332.0000 75.8479
333.0000 74.8740
334.0000 78.4219
335.0000 75.7429
336.0000 77.4358
337.0000 74.2028
338.0000 75.9562
339.0000 72.8582
340.0000 79.3428
341.0000 75.7949
342.0000 76.7869
343.0000 74.1871
344.0000 78.4908
345.0000 75.2055
346.0000 76.0138
347.0000 73.4850
348.0000 77.4199
349.0000 74.9302
350.0000 76.8054
351.0000 75.0498
352.0000 75.5751
353.0000 75.2747
354.0000 77.3565
355.0000 74.2901
356.0000 75.1187
357.0000 73.6074
358.0000 77.1014
359.0000 74.4040
360.0000 75.9271
361.0000 73.3952
362.0000 75.2622
363.0000 73.6348
364.0000 75.9513
365.0000 73.3791
366.0000 74.8705
367.0000 74.0570
368.0000 74.3083
369.0000 72.5760
370.0000 73.4212
371.0000 71.1855
372.0000 74.4903
373.0000 71.3240
374.0000 73.6416
375.0000 72.3773
376.0000 72.7994
377.0000 72.4920
378.0000 74.9999
379.0000 74.6588
380.0000 76.7232
381.0000 73.7129
382.0000 77.0497
383.0000 74.5552
384.0000 78.3803
385.0000 80.0457
386.0000 84.3529
387.0000 84.1746
388.0000 95.2617
389.0000 103.7424
390.0000 111.5575
391.0000 113.1874
392.0000 108.0038
393.0000 102.6764
394.0000 100.1552
395.0000 91.9638
396.0000 98.5120
397.0000 103.6062
398.0000 111.0862
399.0000 101.3802
400.0000 98.5352
401.0000 98.7518
402.0000 97.4638
403.0000 92.6107
404.0000 92.6540
405.0000 94.1363
406.0000 93.9798
407.0000 92.3229
408.0000 96.3020
409.0000 88.6654
410.0000 92.1013
411.0000 89.8512
412.0000 89.9962
413.0000 90.5858
414.0000 86.1894
415.0000 85.2392
416.0000 85.7620
417.0000 83.3702
418.0000 83.9904
419.0000 81.2178
420.0000 84.6092
421.0000 80.2770
422.0000 85.1544
423.0000 79.2173
424.0000 82.0508
425.0000 80.6010
426.0000 84.0495
427.0000 79.2912
428.0000 84.2247
429.0000 78.6510
430.0000 82.0759
431.0000 79.8138
432.0000 82.4896
433.0000 81.7559
434.0000 86.8210
435.0000 83.2087
436.0000 89.0972
437.0000 88.9992
438.0000 91.7249
439.0000 91.4839
440.0000 97.0160
441.0000 93.3718
442.0000 94.8349
443.0000 94.9997
444.0000 98.0845
445.0000 97.8050
446.0000 100.7848
447.0000 101.1010
448.0000 105.5049
449.0000 104.9990
450.0000 106.2423
451.0000 107.4804
452.0000 110.5862
453.0000 108.4824
454.0000 111.8625
455.0000 112.0437
456.0000 115.7816
457.0000 111.7090
458.0000 114.7492
459.0000 114.5703
460.0000 115.8876
461.0000 114.2574
462.0000 115.4566
463.0000 111.0483
464.0000 111.7069
465.0000 110.5866
466.0000 112.0926
467.0000 110.7829
468.0000 112.2895
469.0000 108.3385
470.0000 110.8584
471.0000 106.3345
472.0000 106.9467
473.0000 103.0741
474.0000 103.1014
475.0000 101.0923
476.0000 101.0173
477.0000 96.5943
478.0000 97.4379
479.0000 95.3331
480.0000 96.5947
481.0000 94.0669
482.0000 94.4138
483.0000 91.1156
484.0000 89.7686
485.0000 88.3786
486.0000 91.4304
487.0000 85.8369
488.0000 85.6011
489.0000 86.7764
490.0000 87.7174
491.0000 82.3277
492.0000 85.3380
493.0000 82.2620
494.0000 86.1255
495.0000 83.2363
496.0000 83.6658
497.0000 83.5624
498.0000 84.8247
499.0000 83.5290
500.0000 86.7374
501.0000 85.8330
502.0000 89.8578
503.0000 87.2573
504.0000 90.3649
505.0000 90.1558
506.0000 92.2766
507.0000 92.5165
508.0000 96.9454
509.0000 96.4214
510.0000 96.9180
511.0000 100.0238
512.0000 107.5325
513.0000 104.9023
514.0000 108.0603
515.0000 107.9261
516.0000 110.7093
517.0000 111.9200
518.0000 114.9576
519.0000 112.7737
520.0000 118.2948
521.0000 118.7460
522.0000 119.9019
523.0000 122.0942
524.0000 124.1838
525.0000 122.2009
526.0000 121.8741
527.0000 124.1130
528.0000 132.3816
529.0000 123.1619
530.0000 127.6943
531.0000 125.5923
532.0000 126.8189
533.0000 123.9830
534.0000 127.6076
535.0000 122.6885
536.0000 125.1697
537.0000 120.7583
538.0000 122.8759
539.0000 118.2555
540.0000 118.0365
541.0000 115.2127
542.0000 116.4732
543.0000 110.9681
544.0000 110.7358
545.0000 106.8055
546.0000 106.9506
547.0000 102.0554
548.0000 103.9742
549.0000 99.8437
550.0000 97.9168
551.0000 95.9629
552.0000 93.9874
553.0000 93.6274
554.0000 96.0423
555.0000 88.3415
556.0000 90.2041
557.0000 85.7648
558.0000 88.5737
559.0000 87.5864
560.0000 85.8041
561.0000 86.1668
562.0000 87.9721
563.0000 84.6805
564.0000 87.7177
565.0000 85.1504
566.0000 86.5641
567.0000 86.6069
568.0000 89.1179
569.0000 88.8035
570.0000 89.9662
571.0000 90.6355
572.0000 93.1684
573.0000 94.7405
574.0000 98.7941
575.0000 99.7828
576.0000 105.9411
577.0000 107.1964
578.0000 109.3575
579.0000 111.9299
580.0000 116.3566
581.0000 116.3994
582.0000 119.5561
583.0000 120.9058
584.0000 124.0513
585.0000 125.2708
586.0000 124.2462
587.0000 128.2202
588.0000 135.7052
589.0000 133.1929
590.0000 132.2829
591.0000 134.7194
592.0000 142.5034
593.0000 138.6552
594.0000 144.8897
595.0000 142.0722
596.0000 140.4661
597.0000 148.4087
598.0000 150.8737
599.0000 144.3114
600.0000 146.3735
601.0000 141.0013
602.0000 143.0343
603.0000 137.4965
604.0000 139.0715
605.0000 136.4346
606.0000 136.3117
607.0000 131.4176
608.0000 133.9156
609.0000 129.3252
610.0000 127.1328
611.0000 124.1182
612.0000 125.3266
613.0000 119.5892
614.0000 120.7048
615.0000 113.3441
616.0000 115.4406
617.0000 112.8762
618.0000 111.9219
619.0000 106.1151
620.0000 104.0974
621.0000 107.9414
622.0000 106.4503
623.0000 100.9648
624.0000 100.6133
625.0000 97.9226
626.0000 97.2282
627.0000 93.6137
628.0000 93.3220
629.0000 90.9343
630.0000 92.3533
631.0000 88.8665
632.0000 91.6647
633.0000 87.2262
634.0000 89.2217
635.0000 89.4434
636.0000 90.6267
637.0000 89.1820
638.0000 92.6560
639.0000 93.7697
640.0000 96.8301
641.0000 96.9471
642.0000 101.1078
643.0000 100.0735
644.0000 102.4070
645.0000 102.4436
646.0000 110.1442
647.0000 107.3771
648.0000 113.1613
649.0000 111.3273
650.0000 118.1917
651.0000 117.9583
652.0000 121.6617
653.0000 125.8537
654.0000 129.2741
655.0000 128.5454
656.0000 132.1115
657.0000 133.4604
658.0000 139.0297
659.0000 136.0071
660.0000 140.1107
661.0000 138.1051
662.0000 141.2053
663.0000 138.5432
664.0000 143.6394
665.0000 142.9896
666.0000 145.0135
667.0000 145.6955
668.0000 145.8417
669.0000 147.2132
670.0000 147.0710
671.0000 141.3346
672.0000 144.0657
673.0000 141.9269
674.0000 143.7031
675.0000 137.3625
676.0000 139.0114
677.0000 135.8997
678.0000 132.1510
679.0000 129.7967
680.0000 127.5148
681.0000 122.2416
682.0000 123.3578
683.0000 119.8856
684.0000 120.2678
685.0000 115.0243
686.0000 112.0541
687.0000 107.2645
688.0000 111.7111
689.0000 106.5701
690.0000 105.6580
691.0000 101.2976
692.0000 100.1514
693.0000 96.7506
694.0000 97.1012
695.0000 92.5425
696.0000 96.2035
697.0000 92.5880
698.0000 95.0431
699.0000 92.3417
700.0000 92.0770
701.0000 89.2629
702.0000 91.3286
703.0000 88.2045
704.0000 91.5983
705.0000 92.0993
706.0000 94.5793
707.0000 97.5582
708.0000 101.1582
709.0000 97.4528
710.0000 99.8233
711.0000 104.4725
712.0000 110.1309
713.0000 110.6861
714.0000 113.2851
715.0000 113.7785
716.0000 120.7554
717.0000 123.9594
718.0000 125.6712
719.0000 128.8369
720.0000 132.1436
721.0000 134.6198
722.0000 140.9116
723.0000 141.7116
724.0000 148.7749
725.0000 150.1812
726.0000 155.5003
727.0000 157.6592
728.0000 162.3859
729.0000 163.6663
730.0000 164.7216
731.0000 166.2621
732.0000 166.5136
733.0000 165.5272
734.0000 168.4478
735.0000 167.2445
736.0000 170.4411
737.0000 170.3316
738.0000 171.7510
739.0000 167.3058
740.0000 168.2838
741.0000 165.4265
742.0000 162.2637
743.0000 158.7540
744.0000 157.1783
745.0000 153.0153
746.0000 150.1422
747.0000 144.7724
748.0000 144.5629
749.0000 141.1099
750.0000 138.3164
751.0000 133.7577
752.0000 134.6968
753.0000 129.2631
754.0000 129.4151
755.0000 123.6993
756.0000 123.6841
757.0000 120.0604
758.0000 117.6569
759.0000 111.8667
760.0000 109.9978
761.0000 106.1685
762.0000 104.0028
763.0000 97.2875
764.0000 98.6851
765.0000 93.0939
766.0000 93.6841
767.0000 92.5337
768.0000 94.7010
769.0000 91.3087
770.0000 94.1562
771.0000 90.9018
772.0000 92.0000
773.0000 93.7033
774.0000 93.1802
775.0000 95.6406
776.0000 100.8388
777.0000 102.0941
778.0000 104.3136
779.0000 107.7914
780.0000 117.6363
781.0000 114.7234
782.0000 120.9957
783.0000 119.5301
784.0000 125.7006
785.0000 129.4542
786.0000 134.2773
787.0000 134.4930
788.0000 141.1067
789.0000 142.5108
790.0000 150.1178
791.0000 149.1972
792.0000 157.5694
793.0000 160.9207
794.0000 165.3077
795.0000 165.7974
796.0000 172.7447
797.0000 172.3408
798.0000 180.5164
799.0000 184.0035
800.0000 187.7322
801.0000 188.8605
802.0000 192.3889
803.0000 190.0143
804.0000 191.3714
805.0000 193.1169
806.0000 192.3824
807.0000 184.6526
808.0000 186.7666
809.0000 184.2183
810.0000 183.7413
811.0000 185.0155
812.0000 189.8628
813.0000 182.7901
814.0000 183.1868
815.0000 177.8022
816.0000 175.2744
817.0000 166.5807
818.0000 163.8877
819.0000 159.4043
820.0000 152.8718
821.0000 146.9406
822.0000 149.5053
823.0000 141.7597
824.0000 140.3966
825.0000 132.9570
826.0000 132.5479
827.0000 126.5936
828.0000 124.2641
829.0000 119.9245
830.0000 117.4051
831.0000 109.9508
832.0000 109.4627
833.0000 105.8130
834.0000 106.7543
835.0000 102.6134
836.0000 103.5888
837.0000 100.4529
838.0000 102.6402
839.0000 100.9905
840.0000 104.3308
841.0000 103.1393
842.0000 106.9599
843.0000 106.3194
844.0000 108.0919
845.0000 110.8933
846.0000 117.2056
847.0000 115.6360
848.0000 119.3720
849.0000 120.8207
850.0000 130.6604
851.0000 133.6355
852.0000 138.4212
853.0000 139.1906
854.0000 144.5037
855.0000 152.4279
856.0000 158.3391
857.0000 158.4465
858.0000 161.8956
859.0000 172.2501
860.0000 183.3697
861.0000 181.7750
862.0000 186.9790
863.0000 190.3833
864.0000 199.3637
865.0000 201.2088
866.0000 209.9211
867.0000 211.8871
868.0000 209.4620
869.0000 204.9743
870.0000 207.7248
871.0000 211.5670
872.0000 216.2688
873.0000 213.8153
874.0000 217.6323
875.0000 214.3978
876.0000 211.0849
877.0000 207.5576
878.0000 209.4523
879.0000 209.7123
880.0000 214.5348
881.0000 213.8250
882.0000 208.1879
883.0000 197.7943
884.0000 191.3311
885.0000 192.6811
886.0000 192.4646
887.0000 183.2741
888.0000 177.4504
889.0000 176.1605
890.0000 174.9866
891.0000 164.5742
892.0000 161.2927
893.0000 152.8902
894.0000 143.6068
895.0000 137.5762
896.0000 134.1000
897.0000 122.8898
898.0000 122.2708
899.0000 116.0807
900.0000 116.9908
901.0000 110.3778
902.0000 106.3734
903.0000 104.2552
904.0000 105.9158
905.0000 97.8611
906.0000 100.4552
907.0000 97.1845
908.0000 98.6431
909.0000 97.5729
910.0000 102.4198
911.0000 101.8724
912.0000 105.0894
913.0000 105.4018
914.0000 111.8783
915.0000 114.6409
916.0000 121.8845
917.0000 126.5371
918.0000 133.1361
919.0000 140.3535
920.0000 145.4610
921.0000 148.8851
922.0000 153.7352
923.0000 158.1347
924.0000 166.7758
925.0000 173.7170
926.0000 181.0384
927.0000 188.7384
928.0000 196.3246
929.0000 199.4535
930.0000 206.3250
931.0000 208.0229
932.0000 217.6750
933.0000 219.8770
934.0000 226.8462
935.0000 233.1779
936.0000 237.3831
937.0000 247.0499
938.0000 259.9442
939.0000 267.2374
940.0000 275.4238
941.0000 278.4017
942.0000 279.1710
943.0000 281.5073
944.0000 281.2185
945.0000 273.6336
946.0000 277.1963
947.0000 272.0791
948.0000 263.5446
949.0000 262.3355
950.0000 263.1783
951.0000 255.5354
952.0000 256.2421
953.0000 245.5438
954.0000 243.2171
955.0000 235.4011
956.0000 226.5618
957.0000 222.5322
958.0000 217.5731
959.0000 205.4392
960.0000 202.3774
961.0000 194.7564
962.0000 190.8090
963.0000 183.4570
964.0000 183.2059
965.0000 169.9173
966.0000 165.3432
967.0000 157.7943
968.0000 150.8983
969.0000 143.1309
970.0000 139.3705
971.0000 133.5165
972.0000 133.9556
973.0000 128.0568
974.0000 128.3135
975.0000 122.9003
976.0000 127.0330
977.0000 121.3256
978.0000 124.2839
979.0000 130.7943
980.0000 135.7402
981.0000 136.6911
982.0000 138.4069
983.0000 138.2319
984.0000 148.1991
985.0000 151.8920
986.0000 159.3776
987.0000 162.9466
988.0000 167.5848
989.0000 180.3240
990.0000 189.2574
991.0000 193.8390
992.0000 210.6934
993.0000 221.5266
994.0000 229.7642
995.0000 228.7537
996.0000 237.3730
997.0000 242.1249
998.0000 254.0496
999.0000 263.0122
1000.0000 277.5470
1001.0000 282.7327
1002.0000 293.2276
1003.0000 296.5417
1004.0000 307.7526
1005.0000 309.8341
1006.0000 320.4398
1007.0000 327.0211
1008.0000 329.7352
1009.0000 329.9512
1010.0000 338.2961
1011.0000 338.9998
1012.0000 339.5738
1013.0000 330.3872
1014.0000 337.4747
1015.0000 340.0705
1016.0000 329.1343
1017.0000 320.1111
1018.0000 317.5819
1019.0000 314.0489
1020.0000 301.3855
1021.0000 293.3886
1022.0000 289.3511
1023.0000 280.3858
1024.0000 269.0757
1025.0000 254.1400
1026.0000 250.2532
1027.0000 240.2938
1028.0000 228.2809
1029.0000 218.3728
1030.0000 206.9950
1031.0000 196.5216
1032.0000 187.5058
1033.0000 178.0781
1034.0000 172.8895
1035.0000 161.8765
1036.0000 155.0027
1037.0000 143.6985
1038.0000 135.0737
1039.0000 129.1376
1040.0000 126.0074
1041.0000 116.0638
1042.0000 115.1375
1043.0000 109.2900
1044.0000 111.5150
1045.0000 106.2535
1046.0000 111.5707
1047.0000 113.8426
1048.0000 118.1130
1049.0000 120.2641
1050.0000 129.0027
1051.0000 138.2446
1052.0000 144.7222
1053.0000 152.9218
1054.0000 164.0731
1055.0000 174.3273
1056.0000 187.6695
1057.0000 198.2184
1058.0000 216.6328
1059.0000 227.2525
1060.0000 241.7643
1061.0000 254.9268
1062.0000 270.2306
1063.0000 290.2000
1064.0000 305.6417
1065.0000 317.0916
1066.0000 334.0484
1067.0000 344.2216
1068.0000 364.8006
1069.0000 367.3094
1070.0000 386.8519
1071.0000 400.3676
1072.0000 409.0154
1073.0000 429.2327
1074.0000 433.8428
1075.0000 441.4289
1076.0000 461.0892
1077.0000 470.1970
1078.0000 477.8802
1079.0000 480.3584
1080.0000 476.4597
1081.0000 484.0577
1082.0000 481.3243
1083.0000 470.1605
1084.0000 476.9459
1085.0000 466.7643
1086.0000 449.9716
1087.0000 445.8942
1088.0000 438.0741
1089.0000 420.0414
1090.0000 414.5468
1091.0000 397.0806
1092.0000 380.5082
1093.0000 371.1985
1094.0000 342.6609
1095.0000 337.4566
1096.0000 335.9951
1097.0000 312.2209
1098.0000 295.1848
1099.0000 286.5070
1100.0000 277.6479
1101.0000 249.6129
1102.0000 243.7263
1103.0000 228.1807
1104.0000 209.8696
1105.0000 196.6068
1106.0000 185.1435
1107.0000 169.0768
1108.0000 156.3684
1109.0000 146.7021
1110.0000 138.0223
1111.0000 133.2573
1112.0000 133.5189
1113.0000 128.1467
1114.0000 129.5278
1115.0000 131.6100
1116.0000 136.6928
1117.0000 141.4345
1118.0000 155.0951
1119.0000 165.1915
1120.0000 176.4567
1121.0000 189.2990
1122.0000 211.7996
1123.0000 227.5513
1124.0000 240.3059
1125.0000 258.2415
1126.0000 281.8442
1127.0000 302.3724
1128.0000 323.9877
1129.0000 339.5676
1130.0000 378.3706
1131.0000 404.7971
1132.0000 418.8286
1133.0000 427.1004
1134.0000 464.5486
1135.0000 497.5569
1136.0000 514.3856
1137.0000 533.2618
1138.0000 560.1833
1139.0000 587.8611
1140.0000 621.4789
1141.0000 625.6466
1142.0000 648.5398
1143.0000 663.5507
1144.0000 699.8354
1145.0000 726.6288
1146.0000 735.3651
1147.0000 726.5256
1148.0000 741.0044
1149.0000 751.1036
1150.0000 766.4206
1151.0000 759.2391
1152.0000 747.7446
1153.0000 728.3759
1154.0000 735.7526
1155.0000 732.6151
1156.0000 732.0099
1157.0000 704.9060
1158.0000 677.0309
1159.0000 641.4739
1160.0000 632.5681
1161.0000 615.8181
1162.0000 597.7669
1163.0000 567.3950
1164.0000 544.2366
1165.0000 503.7099
1166.0000 474.2581
1167.0000 456.6134
1168.0000 432.3344
1169.0000 409.6874
1170.0000 384.5758
1171.0000 355.9330
1172.0000 321.0459
1173.0000 297.2663
1174.0000 269.6788
1175.0000 248.5931
1176.0000 233.1658
1177.0000 216.9711
1178.0000 204.8925
1179.0000 182.4958
1180.0000 178.7380
1181.0000 168.5018
1182.0000 163.0128
1183.0000 158.2478
1184.0000 165.2905
1185.0000 171.7847
1186.0000 177.5015
1187.0000 188.4430
1188.0000 201.7837
1189.0000 229.6282
1190.0000 243.1470
1191.0000 280.9562
1192.0000 323.6406
1193.0000 356.8518
1194.0000 407.9491
1195.0000 447.6349
1196.0000 491.5789
1197.0000 573.5532
1198.0000 571.6495
1199.0000 607.2403
1200.0000 656.0778
1201.0000 702.7502
1202.0000 794.7864
1203.0000 831.5763
1204.0000 880.9532
1205.0000 912.7542
1206.0000 949.1486
1207.0000 990.9141
1208.0000 1027.5402
1209.0000 1071.5759
1210.0000 1124.3945
1211.0000 1145.0582
1212.0000 1171.7543
1213.0000 1198.1464
1214.0000 1225.3524
1215.0000 1245.8579
1216.0000 1282.8392
1217.0000 1290.4963
1218.0000 1308.3911
1219.0000 1329.9902
1220.0000 1319.7617
1221.0000 1326.6088
1222.0000 1340.1110
1223.0000 1310.4036
1224.0000 1291.0161
1225.0000 1292.7919
1226.0000 1263.8607
1227.0000 1217.2394
1228.0000 1204.6562
1229.0000 1159.2937
1230.0000 1100.6185
1231.0000 1073.3868
1232.0000 1030.6674
1233.0000 957.4930
1234.0000 906.4558
1235.0000 860.4127
1236.0000 803.8149
1237.0000 733.4739
1238.0000 702.2387
1239.0000 642.4495
1240.0000 573.7615
1241.0000 510.5235
1242.0000 466.5074
1243.0000 411.7286
1244.0000 353.4326
1245.0000 310.6783
1246.0000 277.3090
1247.0000 239.6913
1248.0000 208.0755
1249.0000 193.4057
1250.0000 190.3157
1251.0000 186.9837
1252.0000 196.8947
1253.0000 212.1986
1254.0000 236.5865
1255.0000 276.4125
1256.0000 328.4138
1257.0000 368.9771
1258.0000 422.0337
1259.0000 490.0340
1260.0000 581.9243
1261.0000 665.7162
1262.0000 730.7332
1263.0000 839.9871
1264.0000 950.2920
1265.0000 1070.0516
1266.0000 1216.8457
1267.0000 1326.1084
1268.0000 1432.9421
1269.0000 1582.4742
1270.0000 1725.4338
1271.0000 1840.4321
1272.0000 1959.4376
1273.0000 2094.0378
1274.0000 2237.6467
1275.0000 2386.0569
1276.0000 2525.6333
1277.0000 2595.3794
1278.0000 2661.5535
1279.0000 2803.0012
1280.0000 2935.9741
1281.0000 3021.1072
1282.0000 3106.1680
1283.0000 3168.5530
1284.0000 3223.2302
1285.0000 3265.8848
1286.0000 3311.6272
1287.0000 3379.3599
1288.0000 3417.3750
1289.0000 3406.1729
1290.0000 3387.5833
1291.0000 3387.7603
1292.0000 3414.8838
1293.0000 3390.8840
1294.0000 3373.5186
1295.0000 3332.1394
1296.0000 3302.7488
1297.0000 3247.5562
1298.0000 3144.8804
1299.0000 3041.6877
1300.0000 2961.9680
1301.0000 2863.7273
1302.0000 2761.8560
1303.0000 2630.7869
1304.0000 2462.9607
1305.0000 2277.1628
1306.0000 2099.2390
1307.0000 1927.0522
1308.0000 1753.1456
1309.0000 1567.8870
1310.0000 1405.6587
1311.0000 1260.3937
1312.0000 1101.2417
1313.0000 946.8348
1314.0000 815.0922
1315.0000 667.3268
1316.0000 573.6813
1317.0000 482.0464
1318.0000 427.7529
1319.0000 404.0427
1320.0000 420.2090
1321.0000 435.2943
1322.0000 529.2498
1323.0000 635.8850
1324.0000 801.6506
1325.0000 948.3002
1326.0000 1201.3158
1327.0000 1504.5497
1328.0000 1846.6740
1329.0000 2223.8284
1330.0000 2605.0901
1331.0000 2999.1506
1332.0000 3392.0320
1333.0000 3721.8726
1334.0000 3940.7175
1335.0000 4041.3796
1336.0000 4042.6272
1337.0000 4043.5215
1338.0000 4043.7363
1339.0000 4044.2102
1340.0000 4044.6946
1341.0000 4045.2083
1342.0000 4045.5964
1343.0000 4046.0015
1344.0000 4046.9209
1345.0000 4047.2942
1346.0000 4047.0771
1347.0000 4047.2764
1348.0000 4048.1965
1349.0000 4047.6646
1350.0000 4048.2983
1351.0000 4048.6958
1352.0000 4049.1792
1353.0000 4048.6326
1354.0000 4049.1167
1355.0000 4049.5891
1356.0000 4049.1917
1357.0000 4049.1726
1358.0000 4049.8318
1359.0000 4049.8455
1360.0000 4049.9309
1361.0000 4049.8252
1362.0000 4050.7083
1363.0000 4049.8242
1364.0000 4050.1409
1365.0000 4050.0452
1366.0000 4051.0225
1367.0000 4050.3831
1368.0000 4050.8049
1369.0000 4051.0959
1370.0000 4051.1392
1371.0000 4050.3796
1372.0000 4050.5757
1373.0000 4051.0659
1374.0000 4051.1243
1375.0000 4050.8745
1376.0000 4051.6670
1377.0000 4051.4971
1378.0000 4051.4734
1379.0000 4051.0168
1380.0000 4052.1499
1381.0000 4051.3733
1382.0000 4051.6292
1383.0000 4051.8474
1384.0000 4052.4568
1385.0000 4051.8210
1386.0000 4052.0464
1387.0000 4052.3787
1388.0000 4052.1162
1389.0000 4051.5371
1390.0000 4052.2178
1391.0000 4052.4690
1392.0000 4052.4612
1393.0000 4052.0825
1394.0000 4052.9802
1395.0000 4052.2046
1396.0000 4052.4370
1397.0000 4052.1907
1398.0000 4053.0891
1399.0000 4052.4575
1400.0000 4052.7427
1401.0000 4053.2292
1402.0000 4052.7012
1403.0000 4052.6143
1404.0000 4052.6057
1405.0000 4053.0671
1406.0000 4052.8955
1407.0000 4052.3606
1408.0000 4053.5264
1409.0000 4052.9182
1410.0000 4053.2170
1411.0000 4052.4041
1412.0000 4053.3035
1413.0000 4052.3418
1414.0000 4052.4070
1415.0000 4052.6787
1416.0000 4053.0134
1417.0000 4052.4263
1418.0000 4052.5325
1419.0000 4052.6379
1420.0000 4052.4656
1421.0000 4051.3713
1422.0000 4052.4958
1423.0000 4052.6865
1424.0000 4052.2688
1425.0000 4051.9797
1426.0000 4052.9497
1427.0000 4051.8811
1428.0000 4052.0237
1429.0000 4051.9136
1430.0000 4052.7776
1431.0000 4051.8970
1432.0000 4052.1931
1433.0000 4052.6169
1434.0000 4052.1443
1435.0000 4051.7515
1436.0000 4051.7910
1437.0000 4052.2886
1438.0000 4052.1458
1439.0000 4051.5930
1440.0000 4052.6116
1441.0000 4052.1404
1442.0000 4052.3433
1443.0000 4051.7419
1444.0000 4052.8596
1445.0000 4051.7969
1446.0000 4051.7502
1447.0000 4052.1958
1448.0000 4052.7622
1449.0000 4052.4478
1450.0000 4052.3599
1451.0000 4052.7639
1452.0000 4052.4749
1453.0000 4051.9045
1454.0000 4052.6853
1455.0000 4052.6619
1456.0000 4052.8386
1457.0000 4052.2432
1458.0000 4053.1501
1459.0000 4052.3086
1460.0000 4052.5166
1461.0000 4052.4316
1462.0000 4053.1013
1463.0000 4052.1594
1464.0000 4052.6748
1465.0000 4052.9600
1466.0000 4052.7131
1467.0000 4052.4070
1468.0000 4052.7766
1469.0000 4052.9692
1470.0000 4052.6128
1471.0000 4052.4580
1472.0000 4053.4797
1473.0000 4052.8240
1474.0000 4053.1768
1475.0000 4052.8523
1476.0000 4053.8491
1477.0000 4052.7256
1478.0000 4053.1362
1479.0000 4053.3867
1480.0000 4053.4399
1481.0000 4053.1746
1482.0000 4053.3157
1483.0000 4053.5767
1484.0000 4053.2900
1485.0000 4052.9985
1486.0000 4053.6956
1487.0000 4053.1223
1488.0000 4053.3579
1489.0000 4053.2996
1490.0000 4054.1050
1491.0000 4053.2375
1492.0000 4053.4226
1493.0000 4053.3979
1494.0000 4053.9817
1495.0000 4053.0723
1496.0000 4053.4546
1497.0000 4054.2402
1498.0000 4053.5601
1499.0000 4053.1270
1500.0000 4053.8079
1501.0000 4053.5493
1502.0000 4053.4087
1503.0000 4053.3110
1504.0000 4054.4653
1505.0000 4053.5251
1506.0000 4053.9336
1507.0000 4053.2649
1508.0000 2898.2705
1509.0000 1923.4388
1510.0000 1862.0260
1511.0000 1642.0188
1512.0000 1554.3843
1513.0000 1404.6854
1514.0000 1341.6958
1515.0000 1207.3304
1516.0000 1157.8423
1517.0000 1028.0717
1518.0000 979.2259
1519.0000 894.0360
1520.0000 856.7156
1521.0000 789.1290
1522.0000 766.5905
1523.0000 714.5331
1524.0000 718.2742
1525.0000 689.6404
1526.0000 703.8679
1527.0000 689.0523
1528.0000 720.6733
1529.0000 722.3182
1530.0000 772.2352
1531.0000 783.3499
1532.0000 825.7791
1533.0000 858.7130
1534.0000 923.6639
1535.0000 956.4570
1536.0000 1018.6216
1537.0000 1040.9738
1538.0000 1110.6760
1539.0000 1159.9509
1540.0000 1217.3402
1541.0000 1247.1155
1542.0000 1301.5193
1543.0000 1355.3539
1544.0000 1420.2632
1545.0000 1477.2759
1546.0000 1540.2942
1547.0000 1555.9402
1548.0000 1599.7596
1549.0000 1637.4246
1550.0000 1667.8158
1551.0000 1690.0129
1552.0000 1720.1091
1553.0000 1730.0320
1554.0000 1757.2654
1555.0000 1750.3466
1556.0000 1760.0312
1557.0000 1729.4781
1558.0000 1734.0582
1559.0000 1717.0608
1560.0000 1700.6122
1561.0000 1664.8385
1562.0000 1653.8419
1563.0000 1626.9445
1564.0000 1583.7269
1565.0000 1523.9053
1566.0000 1467.3236
1567.0000 1424.0426
1568.0000 1366.6320
1569.0000 1300.1606
1570.0000 1248.6838
1571.0000 1181.4840
1572.0000 1128.9670
1573.0000 1059.8932
1574.0000 1013.2500
1575.0000 939.0517
1576.0000 881.8356
1577.0000 818.9788
1578.0000 759.3494
1579.0000 696.5559
1580.0000 648.8508
1581.0000 593.0352
1582.0000 547.4703
1583.0000 492.3972
1584.0000 443.8104
1585.0000 400.9484
1586.0000 386.9397
1587.0000 350.7886
1588.0000 330.6261
1589.0000 296.5098
1590.0000 283.4042
1591.0000 266.6385
1592.0000 253.3093
1593.0000 233.8666
1594.0000 232.5467
1595.0000 231.4071
1596.0000 233.5874
1597.0000 232.5823
1598.0000 248.6273
1599.0000 254.0010
1600.0000 266.8676
1601.0000 279.4931
1602.0000 300.2745
1603.0000 320.6331
1604.0000 349.0714
1605.0000 370.9210
1606.0000 394.4269
1607.0000 422.9294
1608.0000 463.9451
1609.0000 484.3398
1610.0000 522.7900
1611.0000 548.0093
1612.0000 584.2551
1613.0000 614.7424
1614.0000 641.5529
1615.0000 663.2730
1616.0000 690.1577
1617.0000 711.8381
1618.0000 731.8627
1619.0000 741.2489
1620.0000 767.0451
1621.0000 772.7812
1622.0000 792.1760
1623.0000 806.5429
1624.0000 820.2785
1625.0000 824.6707
1626.0000 832.5281
1627.0000 830.0765
1628.0000 841.1580
1629.0000 829.8209
1630.0000 825.2335
1631.0000 799.8426
1632.0000 793.3213
1633.0000 785.9101
1634.0000 776.2428
1635.0000 759.1954
1636.0000 737.5643
1637.0000 711.2884
1638.0000 693.5438
1639.0000 658.3947
1640.0000 630.9774
1641.0000 603.3406
1642.0000 584.3908
1643.0000 542.0916
1644.0000 516.0468
1645.0000 488.0949
1646.0000 459.0449
1647.0000 428.2234
1648.0000 404.9227
1649.0000 370.6058
1650.0000 348.1882
1651.0000 323.7748
1652.0000 299.6205
1653.0000 273.4623
1654.0000 257.7898
1655.0000 239.1221
1656.0000 220.3006
1657.0000 204.2408
1658.0000 193.1377
1659.0000 185.1530
1660.0000 182.2094
1661.0000 168.7683
1662.0000 169.2855
1663.0000 163.4296
1664.0000 162.0587
1665.0000 162.3741
1666.0000 170.7666
1667.0000 170.6718
1668.0000 182.0022
1669.0000 188.0221
1670.0000 205.2391
1671.0000 211.5156
1672.0000 234.0110
1673.0000 246.2419
1674.0000 264.1317
1675.0000 274.2592
1676.0000 299.0589
1677.0000 308.5373
1678.0000 334.2056
1679.0000 349.0799
1680.0000 370.5922
1681.0000 389.5366
1682.0000 406.7244
1683.0000 421.3953
1684.0000 444.8527
1685.0000 452.6837
1686.0000 471.5416
1687.0000 483.8240
1688.0000 497.7762
1689.0000 503.3319
1690.0000 511.5238
1691.0000 519.8720
1692.0000 537.6014
1693.0000 538.2957
1694.0000 543.8049
1695.0000 541.2496
1696.0000 543.3627
1697.0000 541.1187
1698.0000 538.6072
1699.0000 533.0364
1700.0000 529.8901
1701.0000 515.4866
1702.0000 510.8841
1703.0000 502.8137
1704.0000 488.6429
1705.0000 470.0414
1706.0000 454.6780
1707.0000 437.1246
1708.0000 424.6267
1709.0000 402.1902
1710.0000 388.4221
1711.0000 369.1551
1712.0000 353.1829
1713.0000 333.2888
1714.0000 324.3200
1715.0000 306.5883
1716.0000 292.0204
1717.0000 272.3578
1718.0000 261.1986
1719.0000 242.1836
1720.0000 232.0596
1721.0000 222.0288
1722.0000 208.3307
1723.0000 197.6544
1724.0000 182.7399
1725.0000 175.8596
1726.0000 174.1064
1727.0000 161.8782
1728.0000 158.3863
1729.0000 152.4904
1730.0000 153.1579
1731.0000 147.9454
1732.0000 151.3151
1733.0000 147.6964
1734.0000 153.5367
1735.0000 155.8528
1736.0000 161.5134
1737.0000 163.6340
1738.0000 174.6225
1739.0000 178.8156
1740.0000 189.5241
1741.0000 196.3372
1742.0000 209.3034
1743.0000 214.2967
1744.0000 231.7942
1745.0000 238.5052
1746.0000 254.6720
1747.0000 268.7727
1748.0000 281.7560
1749.0000 295.4857
1750.0000 320.4181
1751.0000 327.5166
1752.0000 341.4033
1753.0000 349.5288
1754.0000 366.9554
1755.0000 380.6003
1756.0000 395.0786
1757.0000 401.4396
1758.0000 411.6114
1759.0000 410.6928
1760.0000 420.8692
1761.0000 417.4300
1762.0000 421.0541
1763.0000 422.1781
1764.0000 429.9640
1765.0000 429.2591
1766.0000 428.0326
1767.0000 424.2503
1768.0000 424.2966
1769.0000 413.3830
1770.0000 414.7525
1771.0000 402.4833
1772.0000 400.7735
1773.0000 390.7494
1774.0000 387.7368
1775.0000 371.2043
1776.0000 375.7801
1777.0000 357.9873
1778.0000 354.1620
1779.0000 344.1039
1780.0000 338.3893
1781.0000 336.9770
1782.0000 333.2648
1783.0000 315.6282
1784.0000 310.4634
1785.0000 300.8328
1786.0000 284.8403
1787.0000 277.9589
1788.0000 265.8983
1789.0000 257.5569
1790.0000 254.2853
1791.0000 250.5846
1792.0000 247.1114
1793.0000 232.6982
1794.0000 227.7234
1795.0000 213.2054
1796.0000 206.9509
1797.0000 203.7723
1798.0000 205.6442
1799.0000 201.6948
1800.0000 205.1283
1801.0000 204.5869
1802.0000 199.7837
1803.0000 205.7219
1804.0000 214.2152
1805.0000 220.1782
1806.0000 229.2902
1807.0000 234.1039
1808.0000 248.0593
1809.0000 248.6044
1810.0000 252.3209
1811.0000 257.7370
1812.0000 274.8896
1813.0000 285.2808
1814.0000 298.3065
1815.0000 299.5807
1816.0000 313.3846
1817.0000 317.8887
1818.0000 331.0206
1819.0000 327.1501
1820.0000 337.3391
1821.0000 334.8816
1822.0000 347.3838
1823.0000 346.4578
1824.0000 353.3153
1825.0000 360.4128
1826.0000 365.0254
1827.0000 376.0161
1828.0000 380.1362
1829.0000 371.3739
1830.0000 392.7283
1831.0000 393.2676
1832.0000 374.9970
1833.0000 369.7992
1834.0000 382.1628
1835.0000 389.8422
1836.0000 382.1143
1837.0000 362.5995
1838.0000 370.5546
1839.0000 370.4697
1840.0000 380.5385
1841.0000 373.1098
1842.0000 361.0867
1843.0000 347.7547
1844.0000 330.9937
1845.0000 310.0683
1846.0000 297.8412
1847.0000 277.4642
1848.0000 267.6203
1849.0000 256.2480
1850.0000 240.7215
1851.0000 233.6426
1852.0000 231.3524
1853.0000 216.3083
1854.0000 210.5716
1855.0000 198.5133
1856.0000 193.7386
1857.0000 183.9498
1858.0000 174.2519
1859.0000 168.7588
1860.0000 163.3821
1861.0000 157.6593
1862.0000 157.3283
1863.0000 151.6900
1864.0000 151.0038
1865.0000 140.8413
1866.0000 142.2845
1867.0000 143.7042
1868.0000 142.1533
1869.0000 142.0546
1870.0000 142.6849
1871.0000 143.6444
1872.0000 148.6690
1873.0000 146.5101
1874.0000 148.3841
1875.0000 149.1727
1876.0000 158.3078
1877.0000 156.3964
1878.0000 160.9158
1879.0000 163.0592
1880.0000 171.0676
1881.0000 172.5866
1882.0000 182.7452
1883.0000 190.1693
1884.0000 199.7023
1885.0000 199.7410
1886.0000 208.9107
1887.0000 213.4859
1888.0000 224.2004
1889.0000 228.5820
1890.0000 240.4193
1891.0000 239.7921
1892.0000 247.1418
1893.0000 247.6963
1894.0000 252.0578
1895.0000 247.1752
1896.0000 253.2695
1897.0000 251.8629
1898.0000 257.4972
1899.0000 256.1100
1900.0000 260.6799
1901.0000 260.6609
1902.0000 266.5290
1903.0000 261.5374
1904.0000 262.3487
1905.0000 256.7867
1906.0000 260.5766
1907.0000 256.6619
1908.0000 256.8907
1909.0000 251.7856
1910.0000 256.5000
1911.0000 253.2531
1912.0000 251.5786
1913.0000 240.2195
1914.0000 239.8372
1915.0000 237.4430
1916.0000 234.0737
1917.0000 219.9211
1918.0000 217.4105
1919.0000 208.0363
1920.0000 202.6813
1921.0000 193.7106
1922.0000 184.2162
1923.0000 176.1023
1924.0000 176.6724
1925.0000 172.1505
1926.0000 171.1225
1927.0000 162.3449
1928.0000 163.8756
1929.0000 156.8775
1930.0000 156.8039
1931.0000 145.6925
1932.0000 147.4294
1933.0000 141.3036
1934.0000 142.1114
1935.0000 139.1938
1936.0000 138.5538
1937.0000 136.8465
1938.0000 140.1146
1939.0000 135.3334
1940.0000 138.1679
1941.0000 140.0338
1942.0000 145.0974
1943.0000 145.5332
1944.0000 144.1528
1945.0000 150.1915
1946.0000 156.7595
1947.0000 159.8135
1948.0000 164.8546
1949.0000 163.9382
1950.0000 178.4923
1951.0000 173.2319
1952.0000 178.1144
1953.0000 188.9179
1954.0000 184.5204
1955.0000 174.0592
1956.0000 192.9152
1957.0000 201.6462
1958.0000 189.7638
1959.0000 173.7503
1960.0000 178.2218
1961.0000 199.5791
1962.0000 226.3586
1963.0000 231.6337
1964.0000 222.4847
1965.0000 190.1882
1966.0000 164.6529
1967.0000 140.9912
1968.0000 129.7124
1969.0000 115.4287
1970.0000 102.7678
1971.0000 94.0006
1972.0000 89.9437
1973.0000 87.7536
1974.0000 84.5968
1975.0000 82.2184
1976.0000 82.7310
1977.0000 81.1640
1978.0000 85.9001
1979.0000 81.2184
1980.0000 83.7418
1981.0000 82.1697
1982.0000 83.5950
1983.0000 78.5063
1984.0000 80.9435
1985.0000 80.1566
1986.0000 82.4866
1987.0000 78.9943
1988.0000 82.5163
1989.0000 79.5781
1990.0000 80.9974
1991.0000 78.3348
1992.0000 79.6598
1993.0000 78.7954
1994.0000 79.6171
1995.0000 78.7178
1996.0000 80.9162
1997.0000 75.2090
1998.0000 77.5807
1999.0000 76.5421
2000.0000 79.5460
2001.0000 76.8682
2002.0000 73.5130
2003.0000 74.8224
2004.0000 81.5648
2005.0000 78.8070
2006.0000 81.6966
2007.0000 78.0330
2008.0000 82.4327
2009.0000 81.6834
2010.0000 84.0701
2011.0000 85.2246
2012.0000 88.0201
2013.0000 84.2519
2014.0000 83.7868
2015.0000 79.6166
2016.0000 82.9690
2017.0000 81.2998
2018.0000 81.2728
2019.0000 77.1099
2020.0000 78.5849
2021.0000 79.0584
2022.0000 83.6329
2023.0000 76.6046
2024.0000 72.5408
2025.0000 68.8561
2026.0000 70.7598
2027.0000 65.4991
2028.0000 67.8539
2029.0000 67.4802
2030.0000 68.0822
2031.0000 63.8055
2032.0000 67.2943
2033.0000 66.5114
2034.0000 68.3101
2035.0000 66.5352
2036.0000 67.5530
2037.0000 65.6940
2038.0000 66.4971
2039.0000 63.6557
2040.0000 65.3445
2041.0000 64.2422
2042.0000 65.7471
2043.0000 62.7176
2044.0000 65.0288
2045.0000 62.8203
2046.0000 64.4136
2047.0000 64.1768
